? 8 1
0
0
0
0
22409
27588
13794
6897
? 8 2
22409
27588
13794
6897
25195
28981
30874
15437
? 8 3
25195
28981
30874
15437
19832
9916
4958
2479
? 8 4
19832
9916
4958
2479
15437
24102
12051
22409
? 8 5
15437
24102
12051
22409
24102
12051
22409
27588
? 8 6
24102
12051
22409
27588
13794
6897
19832
9916
? 8 7
13794
6897
19832
9916
9916
4958
2479
17623
? 8 8
9916
4958
2479
17623
6897
19832
9916
4958
? 8 9
6897
19832
9916
4958
6897
19832
9916
4958
? 8 10
6897
19832
9916
4958
9916
4958
2479
17623
? 8 11
9916
4958
2479
17623
13794
6897
19832
9916
? 8 12
13794
6897
19832
9916
24102
12051
22409
27588
? 8 13
24102
12051
22409
27588
15437
24102
12051
22409
? 8 14
15437
24102
12051
22409
19832
9916
4958
2479
? 8 15
19832
9916
4958
2479
25195
28981
30874
15437
? 8 16
25195
28981
30874
15437
22409
27588
13794
6897
? 8 17
22409
27588
13794
6897
0
0
0
0