? 8 1
0
0
0
0
23
27
29
30
? 8 2
23
27
29
30
29
30
15
23
? 8 3
29
30
15
23
27
29
30
15
? 8 4
27
29
30
15
27
29
30
15
? 8 5
27
29
30
15
20
10
5
18
? 8 6
20
10
5
18
15
23
27
29
? 8 7
15
23
27
29
24
12
6
3
? 8 8
24
12
6
3
15
23
27
29
? 8 9
15
23
27
29
6
3
17
24
? 8 10
6
3
17
24
24
12
6
3
? 8 11
24
12
6
3
9
20
10
5
? 8 12
9
20
10
5
23
27
29
30
? 8 13
23
27
29
30
27
29
30
15
? 8 14
27
29
30
15
10
5
18
9
? 8 15
10
5
18
9
24
12
6
3
? 8 16
24
12
6
3
23
27
29
30
? 8 17
23
27
29
30
0
0
0
0
? 8 18
0
0
0
0
20
10
5
18
? 8 19
20
10
5
18
5
18
9
20
? 8 20
5
18
9
20
10
5
18
9
? 8 21
10
5
18
9
10
5
18
9
? 8 22
10
5
18
9
3
17
24
12
? 8 23
3
17
24
12
9
20
10
5
? 8 24
9
20
10
5
29
30
15
23
? 8 25
29
30
15
23
9
20
10
5
? 8 26
9
20
10
5
15
23
27
29
? 8 27
15
23
27
29
29
30
15
23
? 8 28
29
30
15
23
6
3
17
24
? 8 29
6
3
17
24
20
10
5
18
? 8 30
20
10
5
18
10
5
18
9
? 8 31
10
5
18
9
17
24
12
6
? 8 32
17
24
12
6
29
30
15
23
? 8 33
29
30
15
23
20
10
5
18
? 8 34
20
10
5
18
0
0
0
0
? 8 35
0
0
0
0
3
17
24
12
? 8 36
3
17
24
12
24
12
6
3
? 8 37
24
12
6
3
17
24
12
6
? 8 38
17
24
12
6
17
24
12
6
? 8 39
17
24
12
6
23
27
29
30
? 8 40
23
27
29
30
6
3
17
24
? 8 41
6
3
17
24
5
18
9
20
? 8 42
5
18
9
20
6
3
17
24
? 8 43
6
3
17
24
9
20
10
5
? 8 44
9
20
10
5
5
18
9
20
? 8 45
5
18
9
20
15
23
27
29
? 8 46
15
23
27
29
3
17
24
12
? 8 47
3
17
24
12
17
24
12
6
? 8 48
17
24
12
6
27
29
30
15
? 8 49
27
29
30
15
5
18
9
20
? 8 50
5
18
9
20
3
17
24
12
? 8 51
3
17
24
12
0
0
0
0