? 8 1
107286
53643
92357
111714
55857
93464
46732
23366
? 8 2
39012
19506
9753
70412
35206
17603
74337
102704
? 8 3
13488
6744
3372
1686
843
65957
98514
49257
? 8 4
124062
62031
96551
113811
122441
126756
63378
31689
? 8 5
18312
9156
4578
2289
66680
33340
16670
8335
? 8 6
57324
28662
14331
72701
101886
50943
91007
111039
? 8 7
60252
30126
15063
73067
102069
116570
58285
94678
? 8 8
69570
34785
82928
41464
20732
10366
5183
68127
? 8 9
84042
42021
86546
43273
87172
43586
21793
76432
? 8 10
104358
52179
91625
111348
55674
27837
79454
39727
? 8 11
97530
48765
89918
44959
88015
109543
120307
125689
? 8 12
29496
14748
7374
3687
67379
99225
115148
57574
? 8 13
80754
40377
85724
42862
21431
76251
103661
117366
? 8 14
44244
22122
11061
71066
35533
83302
41651
86361
? 8 15
118830
59415
95243
113157
122114
61057
96064
48032